2.3384
2.6501
2.3967
1.138
0.89373
0.18891
-0.23068
-0.17979
-0.39711
-0.25929
-0.30834
-0.38314
-0.14746
-0.37518
-0.46952
-0.68682
-1.5687
-1.742
-1.6832
-1.721
-1.9726
-1.9909
-2.3077
-1.3346
-1.4879
-1.6623
-1.242
-0.34562
-1.043
-0.0088581
-0.73307
-1.6308
0.047741
-0.2383
-0.012988
0.73313
1.7204
1.5778
1.7946
1.495
0.8846
1.2361
0.40932
1.0152
0.69364
0.54873
0.41756
0.33485
0.18733
-0.17426
0.37332
0.6119
0.66992
-0.28617
-0.047942
0.35663
0.82286
1.4897
1.551
1.6935
1.5463
1.0293
1.6903
1.162
2.6695
0.78145
0.31127
1.7551
0.51728
1.4765
0.87921
1.2159
1.0498
-0.58056
0.63709
-0.38288
-0.48467
-0.3353
-0.66649
0.043615
0.16852
-0.14716
0.91802
0.42715
0.20924
0.64702
0.94156
0.94771
0.46333
0.63225
0.60462
-0.43385
-0.83668
-0.81688
-1.4803
-0.9071
-1.313
-1.0499
-0.68098
-1.0513
-1.6602
-1.0531
-1.59
-0.87825
-1.1298
-1.6874
-1.9615
-1.6485
-1.402
-1.4657
-0.20666
-0.49977
-0.11816
0.21609
-0.48475
1.172
-0.46504
-0.062493
0.37392
0.23804
0.66199
0.75321
0.63395
0.58422
-0.32904
1.0177
0.77058
0.69891
0.12762
-0.60174
-0.91567
-1.1403
-1.7407
-1.3972
-2.1333
-2.5337
-2.0693
-2.2786
-1.9869
-2.4499
-4.4966
-3.3335
-2.4966
-1.8859
-2.3594
-1.0962
-1.095
-1.1304
-0.90326
-1.3893
-1.9993
-8.2602
-4.4833
-1.4089
-2.4626
0.63428
3.7462
4.7409
4.3863
4.1957
3.5098
2.8025
2.2635
2.3
2.1062
2.1622
1.7256
1.4798
0.97067
0.64338
0.98151
1.0544
0.44104
0.41779
0.14274
-0.034815
0.02615
-0.065318
-0.52425
-1.1273
-1.3118
-2.3824
-3.0736
-2.0739
-0.69831
-0.58799
-0.37855
-2.229
-2.487
-4.4213
-7.5955
-8.8783
-2.0301
-6.4892
-3.6016
0.42389
0.65489
-2.0905
-1.0935
1.5967
2.4361
0.73732
-0.55519
0.72926
1.7222
1.8666
2.2317
1.0124
1.1355
1.1284
0.63609
0.69794
-0.20785
-0.4815
-0.16607
-0.97829
-1.3714
-1.1653
-1.088
-0.46764
-0.3615
-1.8182
-5.932
-8.6086
-3.1732
1.1386
0.69146
0.64693
0.05355
-2.2359
-1.5299
-1.1509
1.0568
0.21051
1.235
2.3026
1.8749
1.4156
1.6032
1.2397
1.0519
0.7146
1.4654
1.4651
0.45751
1.1974
0.94469
1.1292
1.3229
1.6314
1.7743
1.7059
2.2574
1.9994
1.4939
1.146
1.4296
1.0803
0.56127
-0.14883
-0.66174
-0.023568
0.42195
0.24296
0.73519
0.35387
0.93345
0.51445
0.55064
0.23464
0.33123
1.2363
1.7449
0.95149
1.1611
1.3759
0.89203
1.1361
0.7911
-1.0628
0.4833
1.0753
2.0314
1.4351
1.0255
2.3974
0.24569
1.0584
1.3121
-0.41173
-0.29124
-2.1513
-1.1312
-2.6266
-0.64977
-3.1685
-2.4374
-0.81985
0.52928
-0.78583
-1.0747
1.2836
3.0237
1.3939
2.7701
2.6574
2.2942
2.8062
1.5578
0.53412
-1.8276
-0.4293
0.43143
0.77877
0.93719
1.0655
-0.21944
-1.5108
-0.26868
-1.7513
-2.0556
-3.5967
-0.59644
1.3724
1.248
2.0987
1.3634
-0.17368
0.48655
0.5098
-0.50279
0.54589
1.3149
0.76166
1.349
1.3894
0.73798
1.0082
0.54144
0.090496
0.2688
-0.077351
0.63847
-0.092515
0.079277
0.19267
-0.1393
0.54809
0.80235
0.53269
0.01819
0.33842
-0.47317
-0.16986
0.4136
0.22944
0.39956
0.41981
0.41365
-0.23894
0.034033
-0.0019186
-1.0662
-0.53123
-0.13864
-0.36012
-0.40255
-0.43007
-0.6366
-1.2795
-1.5806
-1.3951
-1.6707
-1.5966
-1.7292
-1.4381
-1.8846
-1.5076
-1.817
-1.3097
-0.93121
-1.7055
-0.47737
0.47563
-0.41404
0.58244
0.55557
0.40308
0.97231
0.29763
0.28604
0.41135
-0.38715
0.5186
0.34593
0.11828
-0.31787
-0.15604
-0.60306
-0.022435
-1.3354
0.071748
-0.097274
0.33215
0.28915
0.79451
0.29626
0.41077
-0.18473
-0.35584
-1.0686
-1.1311
-0.58167
-2.1639
-1.7876
-1.384
-1.7114
-1.1998
-0.94596
-1.1572
-1.2381
-1.4484
-1.4781
-1.9195
-1.8533
-1.2714
-1.0447
-2.073
-1.1698
-1.8034
-0.91973
-0.86331
-0.21925
-1.6078
-1.366
-0.88117
-0.25872
-1.2613
-1.3846
-0.77637
-0.55931
-0.26479
-0.66439
-0.11798
-0.12165
-0.3712
-0.39891
-0.91079
-1.6135
-2.1328
-1.4721
-2.3504
-1.8877
-0.84198
-1.6405
-1.1097
-1.1337
-1.4693
-0.68669
-0.56304
-0.63545
-1.9514
-2.3234
-0.68517
-0.51177
0.85561
-0.20669
-0.49097
0.43648
0.1284
0.35558
0.67988
0.31292
-0.013856
-0.79508
-0.87076
-1.2465
-0.89277
-1.2985
-1.4841
-0.085441
-1.8262
-1.2408
-1.5708
-1.8872
-2.2311
-2.3974
-2.0944
-2.686
-2.5997
-2.2028
-2.4529
-3.1206
-8.4472
-9.2428
-3.8718
0.23162
0.96331
0.99104
1.0496
0.27622
0.24306
-0.92325
-0.7816
-0.84382
-1.1337
-1.3203
-1.0851
-1.4778
-1.6233
-1.5155
-1.1677
-1.3147
-1.6407
-1.5712
-1.4079
-0.61129
-1.5976
-0.8879
-0.542
-1.4052
-1.1824
-0.85309
-0.73476
-2.1034
-3.7088
-3.22
-2.0935
-14.402
-15.544
-6.874
0.82109
2.8256
2.232
3.7226
4.4046
2.7038
2.7077
2.7077
1.2321
2.0384
1.2363
0.8052
0.36752
1.2392
-0.15383
-0.08524
-3.8605
-3.6904
-7.9367
-7.3269
-2.5671
-3.1092
-3.9804
-1.4069
-2.6307
-0.80991
-8.9701
-5.285
4.8392
7.6282
2.794
-0.49008
-0.0046875
-4.9497
-0.44878
3.1338
2.9254
4.0119
4.5202
2.265
2.0385
2.2014
0.66162
-0.36947
0.45686
-1.0661
-1.3101
0.29846
-0.73888
-4.4115
-4.6449
-1.9774
-1.6992
-1.1272
0.041605
-0.17518
-1.3103
-0.69854
-0.99913
-2.8749
-2.4963
-3.3239
-7.5042
-4.7932
-1.2095
1.1506
0.98417
0.036987
-0.25638
-1.0691
-1.3862
-1.2452
-1.512
-2.7081
-2.0751
-1.1257
-2.7884
-1.6733
-1.5729
0.05917
2.157
1.0047
0.73508
0.20177
-0.26187
-1.1087
-1.2844
-1.0195
-2.5085
-1.9007
-2.5012
-2.6385
-1.4072
-0.98189
-1.4824
-2.0813
-1.3531
-2.1943
-1.4807
-0.72987
-1.3227
-1.499
-0.96326
-1.3114
-1.7961
-1.3819
-1.6978
-1.0648
-1.5703
-1.5507
-2.7044
-3.1078
-2.8083
-0.47934
-0.7047
-0.4655
-0.86508
-1.2646
-1.2839
-2.0687
-2.1343
-2.6816
-2.6274
-4.6836
-8.1773
-5.4319
-2.5342
-1.399
-1.5045
-1.0744
-0.052538
-0.39546
0.033431
-0.072018
0.047265
-0.10644
-0.017861
-0.32854
-0.691
-0.080333
-0.31741
-0.72558
-1.0357
-1.2361
-2.3753
-1.9932
0.032854
-0.84388
-0.1398
-0.97937
-0.12609
0.60235
0.12839
-0.56416
-0.83995
-0.42981
-0.91148
-0.88297
-0.5113
-0.87514
-0.29928
-1.0963
-1.2841
-0.20213
-0.27158
0.38463
-0.20059
-0.75678
-1.2554
-1.7569
-2.277
-2.0837
-1.462
-1.9923
-2.3764
-2.0815
-2.1881
-2.3035
-1.8411
-1.6671
-0.89107
-0.67882
-0.55875
-0.015436
-1.1413
0.11352
-0.62587
-0.43581
-0.64505
-1.5121
-1.4619
-1.5184
-1.2769
-2.0393
-2.2258
-1.737
-2.1408
-2.3343
-2.6913
-1.9518
-2.5471
-2.4402
-2.1719
-1.9989
-2.1442
-1.7512
-1.6367
-2.4214
-1.7539
-0.87963
-1.2399
-0.31867
-0.52019
-1.4061
-1.1287
-1.1618
-1.4271
-1.5507
-1.5147
-1.5485
-2.178
-1.8717
-1.6891
-1.4489
-1.6234
-1.0954
-1.8815
-2.3704
-1.2588
-1.5335
-1.542
-0.95526
-1.5399
-1.8284
-1.808
-2.1908
-3.7808
-4.4684
-2.2581
-3.0617
-3.6661
-4.0188
-1.213
-0.3591
0.19
0.678
0.1486
-0.086453
-0.038447
0.65179
-0.1715
-0.5294
-1.0663
-1.4135
-1.4886
-2.0538
-1.6959
-2.926
-2.2294
-1.4715
-0.56161
-0.97628
-0.67272
-0.46615
-1.2618
-1.5584
-1.9321
-2.4077
-2.5273
-2.9613
-3.4118
-3.7992
-3.4605
-1.1477
0.12833
0.84415
1.2587
0.84851
0.60596
1.0139
-0.48286
-0.31897
1.0984
1.1953
0.94998
0.32081
0.78607
0.76002
0.38427
0.80427
0.073582
0.17672
-0.0003075
0.27625
-0.39374
-0.58066
-0.50846
-1.1083
-1.4186
-1.1422
-1.1552
-2.0444
-1.3452
-1.9342
-1.458
-0.51078
-1.4944
-1.0195
0.37084
-0.32477
0.30842
-0.11309
-1.1415
-0.052429
0.35352
0.18934
-0.26495
0.20117
-0.061285
-0.45914
0.1556
0.099451
-0.31644
-0.19837
0.0076958
0.34469
0.035944
0.088148
-0.48327
-1.1489
-1.0706
-1.1543
-1.9736
-2.3318
-1.0866
-1.3505
-0.91534
-0.84846
-1.5134
-1.0898
-1.0588
-0.15734
0.063885
1.2148
0.061925
-0.079581
0.13825
-0.75146
-1.1156
-0.67373
-1.5095
-1.9022
-1.541
-2.6178
-2.3925
-2.0693
-1.4807
-1.7349
-1.1443
-0.65335
-1.5895
-1.2293
-0.99808
-0.91927
-1.1751
-1.3934
-1.4318
-1.0035
-1.7398
-2.0681
-2.3075
-2.0636
-2.0026
-1.9707
-2.5972
-2.341
-1.695
-1.9354
-0.82433
-0.67241
-0.31785
-0.39095
-0.46958
-0.053154
-0.15965
-0.2255
-0.13467
-0.48151
0.51044
0.01857
-0.14093
0.65952
-0.42447
0.31489
-0.23123
0.30808
-0.29671
0.287
-1.0918
-1.1836
-0.65395
0.17158
-0.29477
-0.41947
-0.73115
-1.132
-0.55649
-0.47433
-0.56899
-0.14306
0.12931
0.38894
-0.64597
0.38528
-0.92862
0.5759
0.36111
-0.37357
-1.0853
-0.06043
-0.68481
-0.77805
-0.64429
-1.7095
-1.7402
-1.2201
-1.4162
-1.0479
-1.217
-0.15496
0.60543
1.0429
2.0547
1.514
1.2285
0.26333
0.96506
2.1477
1.7667
1.8777
1.7246
2.0979
1.7531
2.0525
1.4862
1.0016
0.011573
0.3769
0.16939
0.086998
-0.65721
-1.6029
0.12458
-0.30413
0.46603
0.27331
-1.0886
-2.819
-1.3961
-0.1861
-2.3758
-0.81772
0.50677
-0.8602
-0.33494
-0.67113
-0.06032
-3.3428
-4.4553
-0.33957
-0.60966
0.051315
0.82472
1.9053
1.7408
1.2961
1.7988
0.96709
-0.19329
-0.25424
-0.82687
-0.93756
-0.95705
-1.599
-2.1508
-1.6132
-1.5142
-2.0067
-1.7145
-1.9578
-1.6323
-2.1234
-2.463
-2.2928
-1.6345
-1.6123
-2.5478
-3.0476
-1.6476
-2.6007
-4.1811
-1.8555
-0.16273
0.26913
1.4749
-0.389
-0.20903
1.0191
0.87931
0.61118
0.75261
0.45598
-0.67243
-0.66669
-0.33527
-0.5952
-0.73948
0.31293
-0.046664
-0.20529
-0.36273
-0.68882
-0.4717
0.4552
0.16474
-0.16272
-0.051086
-0.66424
-1.8152
-3.3244
-3.0714
-1.1494
-1.6092
-2.129
-4.2392
-11.27
-7.3753
-0.24859
3.0266
1.9865
1.617
1.4304
0.5705
1.0747
0.94448
0.5116
0.96759
0.0060014
-0.7826
0.30458
-1.3867
-1.4891
-1.0045
-1.5781
-2.5695
-1.8486
-0.80114
0.23136
0.92052
0.88286
0.5083
0.2041
-0.63668
-0.5121
-1.2589
-1.4951
-0.78582
-2.0497
-1.8557
-1.4746
-1.0447
-1.7979
-2.1903
-1.7041
-2.2625
-4.2925
-4.049
-3.8002
-2.0111
-1.1339
-0.57262
-2.2788
-1.1441
0.079837
1.1892
1.7748
0.39658
0.22608
-0.56651
0.051001
-0.27472
-0.6719
-0.18077
-0.11345
0.29181
0.68388
0.86378
1.4487
1.0595
1.5303
1.0358
0.41487
-0.68564
-0.61549
-0.93446
-1.3777
-1.6873
-1.6487
-1.1414
-1.3117
-1.5247
-1.2295
-1.2345
-0.92863
-0.47813
-0.72212
0.51616
-0.10175
-0.48256
-0.21458
-0.57999
-1.0959
-0.72585
-0.90303
-1.0009
-0.53064
-0.25292
-0.11223
-0.15804
-0.30348
-0.59017
-1.1895
-1.3856
-0.90207
-1.5855
-1.9644
-2.9065
-2.7151
-1.4032
-1.6538
-2.1817
-1.4354
-1.6006
-2.3011
-1.745
-1.9186
-2.2349
-2.0826
-1.2908
-1.5615
-1.702
-2.5212
-1.4999
-2.1941
-2.0751
-1.5215
-1.67
-1.7972
-2.9451
-2.3028
-1.7739
-1.8696
-1.9248
-1.2485
-1.467
-1.4117
-0.67329
-0.91327
-0.55716
-0.64411
-1.2899
-1.0377
-0.823
-0.6585
-1.3149
-1.2139
-1.8815
-2.2722
-1.1098
-0.43068
-0.16415
-0.98097
0.20312
-1.2475
-0.34247
-9.2108
-6.6856
-5.8123
-3.9457
4.7564
6.0575
6.8184
4.5628
2.8018
2.5537
1.8095
0.8513
-0.66959
-0.33362
0.17969
-0.11582
-0.19544
-2.2455
-2.0443
-0.68249
-4.3094
-2.475
0.038892
-1.1148
0.78048
2.9862
3.0287
3.3845
2.0036
1.3096
1.5002
1.693
-0.36824
0.61114
0.42845
0.064504
-0.059177
-1.0347
0.11037
-0.18039
0.67934
-0.37572
0.3307
-0.98644
-0.45824
-1.2669
-1.4417
-0.66856
-1.9792
-1.6772
-1.4665
-1.6695
-1.8864
-1.4923
-1.9587
-2.2051
-1.7379
-1.9124
-1.6871
-2.2956
-2.0606
-1.6458
-1.7788
-1.6106
-1.3236
-1.7502
-0.39204
-2.0604
-1.6875
-1.4492
-1.7341
-1.7034
-1.8581
-1.7499
-2.001
-1.69
-1.202
-1.5679
-1.0511
-1.3592
-2.0588
-1.0433
-1.3896
-0.23692
-1.3735
-0.0054764
-0.26012
-0.43425
-0.17746
-0.93028
-1.0861
0.43051
-0.7389
-0.47949
-0.88795
-1.6142
-1.1927
-1.5064
-1.6069
-2.6459
-2.11
-2.803
-1.862
-1.5092
-1.569
-0.14934
-0.43258
-1.9398
-1.9156
-2.012
0.31561
2.4442
0.55223
0.32147
0.096776
1.2985
0.048556
-0.16083
-0.2045
-1.1929
-2.0125
-1.8227
-2.3118
-1.573
-1.6703
-2.0364
-3.8932
-1.6556
-2.2184
-0.74756
-1.8069
-0.7355
0.39875
0.64674
-0.011049
-0.022861
-1.5649
-1.0724
-0.83654
-2.0102
-1.503
-2.4729
-1.72
-1.8186
-2.5522
-1.6135
-1.75
-1.9042
-1.2762
-0.52466
-0.2523
-0.91263
-0.81705
-1.0217
-0.54959
-1.0402
-1.3636
-1.4986
-1.3484
-1.9177
-1.6336
-0.92738
-0.17717
-1.5063
-1.8024
1.0294
2.0198
1.6591
1.013
0.96423
0.54297
0.8362
0.85963
0.41704
-1.8528
-1.9666
-5.4355
-4.1133
-1.6454
-9.514
-7.7351
-7.804
0.075796
1.5727
2.0869
3.0222
3.9549
3.396
2.3965
2.0998
1.4362
0.38821
0.18635
-0.58341
-0.17662
-0.33632
-0.034707
0.27987
-0.31022
-0.21795
-0.22857
-0.42638
-0.33406
0.70114
0.62143
0.6659
0.76597
-0.20473
-0.16275
-0.54453
-0.15649
-0.81606
-0.53735
-2.0176
-1.1401
-1.6666
-0.34009
0.14539
0.27833
1.2037
-0.13893
-0.017692
-1.7796
-0.49154
1.024
0.95607
0.69695
-0.87755
-1.1951
-0.77384
-1.1603
-1.3183
-1.4404
-2.0592
-1.8081
-1.752
-1.2252
-1.1539
-0.54021
-1.4457
-0.65828
-0.63164
-0.4415
-0.12006
-0.27755
0.40042
-0.48779
-0.60319
-0.36141
0.096405
-0.056359
-0.070636
-0.05915
-0.52204
0.049155
-0.32315
0.35832
-1.0652
-0.86688
-1.0876
-1.4954
-2.191
-1.3776
-1.6986
-0.71874
-1.7001
-0.7361
-1.3682
-0.10824
-0.44098
0.16185
-0.59871
0.33833
-0.022215
0.016803
-0.10493
-0.20287
-0.30484
-1.4208
-1.9589
-1.2495
-2.2026
-1.3112
-1.6529
-1.463
-1.5244
-1.304
-1.6673
-2.1
-2.1211
-1.9238
-1.6181
-2.2427
-1.2583
-0.63569
-1.3334
-0.39787
-1.2777
-1.0059
-0.56603
-0.51068
-0.15174
-1.3404
-1.5132
-0.85074
-2.0696
-1.8857
-1.7998
-1.6604
-1.8069
-1.4477
-1.2582
-0.64805
-0.43316
-0.45869
-0.0080944
-0.14673
-0.26839
-0.4677
-0.31619
-0.18387
-1.2665
-0.18782
-1.5738
-0.964
-1.2805
-1.6867
-0.41185
-1.4063
-0.41651
-0.2965
-0.12706
-0.72934
-0.082909
-0.4063
-0.29656
0.0014745
-0.10026
-0.20354
-0.41904
-0.52438
0.9173
0.82974
-0.50384
1.2853
0.077673
0.70183
0.38133
-0.32433
-0.25325
-0.37473
0.30452
0.024015
0.81103
0.40281
0.797
1.0235
0.15725
-0.92152
-0.58223
-0.48851
-0.25717
-0.11499
0.13105
-0.018166
0.00059221
-0.31355
-0.78452
-1.1665
-1.2225
-0.68874
-0.38226
-0.50774
-0.003971
0.074078
-0.14732
-0.41768
0.29201
-0.77649
-0.34066
-0.43685
0.089598
0.028549
0.15557
0.69763
1.1324
1.2536
1.4306
0.89178
2.1211
1.2581
0.90671
1.3081
0.065308
-0.16326
0.11215
-0.45411
0.077762
-0.32017
-0.89007
0.16993
-0.58159
-0.36819
-1.4751
-1.113
-1.0177
-1.1681
-1.0858
-0.90593
-1.5967
-1.0786
-1.7184
-1.5312
-1.7597
-1.5854
-1.8739
-2.1889
-1.9356
-1.6352
-2.1706
-1.914
-2.2212
-2.465
-1.8101
-1.7444
-1.4134
-1.1617
-0.53046
0.25996
0.28333
-0.35038
-0.13708
-0.29962
-0.79709
0.13945
-1.1301
-0.83469
-0.97211
-0.65047
-1.5148
-0.028139
-1.1449
-0.25383
-0.70154
-1.3175
-1.3271
-1.513
-1.6489
-1.4276
-1.5645
-1.6539
-1.0627
-1.2632
-1.0995
-0.6537
-0.12226
-0.36111
-1.4415
-0.8726
-1.5426
-3.542
-3.812
-1.5021
-1.5971
-2.7963
-3.1355
-2.7317
-3.1931
-1.975
-1.3992
0.29138
2.1139
2.9659
2.8868
1.2595
1.7343
0.60073
0.27032
0.35784
0.75391
-2.2425
-5.5672
-3.3436
-2.4522
-3.5455
-0.15995
1.0423
0.93427
1.5684
1.8544
0.55533
0.54475
0.62955
0.15607
-0.040247
0.32605
0.68023
0.42502
0.10953
-0.28096
-1.1731
-0.56557
-0.095849
-0.018905
-0.59607
-0.26671
-0.38425
-0.01129
-0.77772
0.17069
0.268
0.044211
-0.89359
-1.7869
-1.5622
-2.0179
-2.2043
-1.8323
-2.3704
-2.9744
-1.847
-4.3432
-2.3489
0.30255
0.6988
1.2415
0.068021
-0.32241
0.033705
0.16277
0.51566
0.0029423
0.1105
-0.15707
-0.15877
-0.94504
-1.1438
-1.2154
-1.8143
-2.0558
-2.1886
-2.5438
-2.4471
-2.2769
-2.863
-2.6873
-2.4648
-2.5442
-2.4333
-2.1435
-3.0731
-2.0312
-2.0358
-0.44405
-0.12816
-0.51253
-0.31093
-0.17519
0.40371
-0.69568
-0.70239
-1.1018
-1.1741
-1.9492
-2.3724
-1.0547
-1.8764
-1.3943
-1.1456
-0.78123
-1.4749
-0.91936
-1.8229
-1.8211
-0.11318
-1.0172
-0.76413
-0.6342
-1.2097
-1.4215
-0.080087
-0.30824
0.17493
-0.53375
0.5953
0.10461
-1.1215
-0.83647
-0.87708
-1.6914
-2.0707
-1.3041
-1.2875
-1.1101
-0.75851
-1.1725
-2.4622
-2.9304
-6.7175
-4.0881
-1.2497
0.029648
-0.68437
-0.17191
-0.71382
-0.69134
-1.121
-0.35416
-0.99708
-2.2958
-0.98821
-2.6593
-1.674
-1.8473
-0.12757
0.39003
-2.1251
-3.0871
-1.8548
-1.9063
0.56106
1.005
1.1771
0.66956
0.098407
-0.073036
0.60451
0.58961
-0.93494
-1.6796
-2.0496
-1.6392
-1.3355
-2.6773
-4.1112
-2.8231
-0.595
2.0861
1.6499
-0.90057
0.32489
1.0377
-4.4981
-3.0519
0.27483
-0.65811
-0.445
0.36988
0.75776
-0.62285
-0.83383
-1.3788
-0.90625
-1.0945
-0.53121
-1.7969
-0.60345
-1.0056
-1.2108
-2.0113
-2.3928
-2.1688
-1.8854
-1.2873
-1.5522
-1.3109
-1.6591
-0.39336
-0.20797
0.024153
-1.1247
-0.57379
-1.3017
-1.573
-1.9127
-0.90074
-1.4684
-1.2951
-1.7651
-0.84617
-0.94448
-0.45698
-1.2091
-1.1232
-1.3703
-2.1435
-1.1123
-0.82919
-0.85358
-0.24902
-1.7364
-1.5721
-2.7398
-2.0872
-2.0667
-2.1895
-1.2701
-1.5027
-1.1294
-0.18645
-1.933
-2.4775
-1.759
-2.364
-12.984
-21.046
-5.0224
3.1915
4.8075
6.0628
5.1261
2.5961
0.92497
-0.51377
-1.1268
-4.4846
-0.32349
-9.6127
-12.939
-14.266
-3.8082
-3.7399
-32.137
-17.256
-0.91385
-6.9726
-8.7819
-8.0108
-0.7112
5.8049
15.646
18.461
13.707
11.615
10.881
9.1676
6.7389
5.9744
4.6826
3.1163
2.7976
1.4843
-1.6988
-0.55009
0.62294
1.1729
0.80438
1.3564
0.56469
-0.34636
0.072796
0.090776
0.3282
0.1953
0.24875
0.27553
0.31944
-1.3205
-0.82132
1.9263
1.9372
0.77244
0.81526
0.47361
0.63712
0.66121
0.95656
0.98669
0.83826
0.54463
-0.087947
-0.16145
-0.0044336
-0.5088
0.54856
1.2071
0.89956
0.51756
0.24722
0.56774
0.17492
0.32647
1.1758
0.89223
0.82312
0.75339
0.005528
0.34265
-0.068131
-1.4155
-0.96675
-0.75537
-1.0189
-1.6754
-2.681
-2.0858
-2.0163
-2.2964
-0.98733
-2.361
-2.1908
-1.3532
-1.8856
-1.6713
-1.4648
-1.4865
-1.3427
-1.6511
-1.8991
-2.2363
-2.2183
-2.4171
-1.6511
-2.043
-2.0159
-2.7176
-2.569
-2.65
-2.0459
-0.54791
-0.25006
-0.70743
-0.30318
1.0364
0.065984
-0.29483
0.13182
0.71144
-0.051449
-0.048568
-0.22139
0.16772
-0.3041
-0.48324
-0.088411
-0.056609
0.20665
0.14108
-0.55445
-0.85727
-0.2491
-0.77059
0.12521
0.22771
2.5527
2.3661
1.7278
1.9256
1.9777
1.4332
1.9398
2.5381
2.0292
1.5237
1.4348
1.5819
1.9799
1.9222
2.354
0.75911
0.62436
-0.20017
-0.82989
-0.92794
-1.7987
-1.402
-1.3097
-1.6889
-0.86055
-2.0503
-1.7149
-2.0616
-2.4518
-2.5101
-1.9797
-1.9253
-2.2958
-1.8181
-0.72291
-0.88261
-0.83298
-1.5186
-2.0475
-1.4637
-2.0923
-1.8526
-1.7673
-2.6888
-3.8824
-4.0208
-2.0458
-1.7606
-1.982
-0.81387
-0.28899
-1.3248
-0.96541
-1.3648
-0.58783
-1.2521
-0.9562
-1.3648
-1.2727
-1.48
-1.6086
-1.9014
-3.1343
-3.2508
-2.4033
-1.4704
-0.55242
0.42331
-0.38798
-0.0061659
0.030208
0.3261
0.49705
0.6733
1.4702
-0.28469
0.34141
-0.27506
-0.98587
-0.74073
-1.1782
-1.3123
-0.81534
-1.5803
-3.373
-15.051
-8.7155
-4.6245
-6.2252
-3.5124
3.0593
6.6236
6.3125
5.0871
2.8027
3.5307
2.4946
0.6688
-0.084133
-1.4503
-2.3735
0.044073
-0.087065
-1.0592
-1.5337
-0.9551
-3.4702
-2.6511
-0.62465
-1.2686
-3.5354
-9.0126
-7.5105
-3.4217
-1.0553
-3.7081
0.92666
3.792
2.0995
2.5272
2.8052
1.5725
-1.2169
0.1178
0.50413
0.45167
0.41415
1.0158
0.68563
-0.89601
0.3873
-0.42012
-0.69974
-1.4411
0.16661
-1.8282
-0.87355
0.26263
-0.019503
0.059416
0.24636
1.6087
0.8809
0.43491
1.2793
0.2145
0.46366
0.33637
-1.273
-0.92537
-1.2831
-0.10739
-0.16569
0.23649
0.2183
-0.53892
0.48093
-0.29268
0.18844
0.32688
-0.27838
-0.90032
-0.25062
-0.78652
-0.91433
-0.50835
-0.17362
-0.35719
0.63594
-0.021095
0.26886
0.086127
-0.07889
-0.99381
-1.8765
-1.6087
-1.4276
-1.2843
-1.8059
-1.9911
-1.8151
-0.31128
-0.11977
0.38585
-0.23783
-2.3952
-2.0355
-1.1678
-1.0344
-1.2249
-1.6649
-0.81122
-0.11717
0.17887
-0.78004
-0.41339
-0.025749
0.4109
0.3274
0.044831
0.38593
0.12318
-0.033746
0.18804
0.096541
-0.22565
0.10028
-0.93089
-0.33358
-1.5159
-1.6492
-1.3964
-0.018089
0.20227
-1.0372
0.18304
-0.6095
0.1204
0.56384
0.31567
0.2152
1.3054
1.3984
0.89207
0.92269
-0.46075
0.41301
0.084167
-0.259
-0.2
-0.47441
-0.29687
0.31567
-0.45962
0.39619
-0.67488
-0.089726
0.35428
-0.99963
-1.1
-1.0454
-0.56396
-1.1858
-0.59605
-1.2542
-1.6846
-1.8089
-0.93913
-0.44508
-1.6346
-0.97271
-0.37603
-1.6262
-1.2409
-1.356
-1.6813
-1.8554
-2.1948
-2.5925
-2.5066
-2.5529
-1.5089
-1.9994
-0.69728
0.070229
0.31603
0.13567
0.20584
-0.069483
-0.45156
-0.668
-1.1384
-2.0845
-2.0311
-1.916
-1.3581
-2.4593
-3.048
-2.0411
-2.6026
-1.1199
-1.4503
-0.94421
-0.98805
-0.17322
-0.031509
0.17186
1.4635
0.38675
-0.0035707
0.90302
1.133
0.97783
1.1904
0.57225
0.86061
-0.15701
-1.3567
-0.46737
-1.3027
-1.5748
-0.33151
-0.13535
0.21331
0.40118
-0.48955
-1.6844
-1.9176
0.36867
-2.1863
0.24975
-0.30404
0.98964
-0.51347
-0.30867
0.91165
1.7339
-0.55357
-0.26532
0.38206
1.1594
1.629
0.72297
1.2421
1.5223
1.0783
0.72737
-0.078639
-1.1918
-1.2357
-1.404
-0.20763
-0.056741
-0.00025418
0.8071
0.47367
0.11126
-0.59387
0.030419
-1.9013
-2.3355
-1.8821
-2.165
-1.838
-1.8768
-0.24159
-0.72772
-1.6752
-0.93037
-2.9698
-1.7258
-1.4315
-0.40996
0.17587
0.35229
-0.40795
-1.4877
-1.6683
-1.2004
-1.0907
-1.4687
-0.48204
-0.27591
0.60642
0.41405
-0.62108
0.47457
-0.32207
0.25112
0.35813
0.99441
-0.45947
0.47984
0.45416
-0.054274
-0.4177
0.42919
1.001
0.62454
0.27043
0.5094
0.57224
0.081683
-0.17337
-0.37591
-0.64445
-0.92792
-0.85687
-1.2579
-1.4251
-1.8303
-1.8895
-1.4236
-1.1452
-1.6787
-1.4054
-0.98901
-1.1257
-1.5857
-1.3279
-0.28424
0.00081049
-0.94051
-0.63214
-0.41889
-0.71593
-0.37283
0.096619
1.131
0.22508
-0.48804
-1.0315
-0.49528
-0.53151
-0.27682
-0.37071
-0.91031
-0.4942
-0.65946
-1.4164
-1.6432
-1.7579
-2.0793
-2.6512
-2.472
-2.4233
-2.3942
-2.1858
-1.0718
-0.53384
-1.2892
-1.4742
-2.3384
-2.0937
-2.2406
-2.6267
-5.1977
-3.0262
-1.6725
-2.0579
-1.9343
-0.75216
-1.0221
-2.1535
-2.2839
-2.0264
-1.5688
-1.0167
-0.97627
0.53688
-0.34616
-0.18246
0.49365
0.796
-0.39439
-2.2085
-0.98453
-0.79324
-1.3728
0.19446
2.8973
2.9076
2.8041
2.6413
3.7534
4.1456
3.0149
1.9612
1.0981
2.181
1.0748
0.26357
0.35114
1.4175
1.8183
1.38
1.5194
1.9536
1.5019
1.5821
1.8801
1.7789
1.3558
1.8013
0.95487
1.4829
1.4784
2.1292
1.6073
1.8633
1.8142
0.13785
0.75575
-0.4948
0.19364
-0.92403
-0.15793
-0.5637
-1.0268
-0.7643
-0.92824
-1.2708
-0.30066
-0.64585
-0.45572
0.054966
-0.4633
-1.004
-1.6075
0.33342
-0.37413
-1.047
-0.79755
-1.7396
-1.8763
-1.2076
-0.02965
-0.31632
0.63236
-1.107
-0.091509
-1.0046
-0.21359
-0.30099
0.67204
-0.24797
0.20574
-0.3345
0.99582
1.1
0.99484
1.5298
1.0201
1.0218
1.0448
0.54912
0.88202
1.8959
1.3787
1.3526
1.5005
1.2357
1.6763
0.13082
0.5694
-0.10196
1.0952
0.86727
1.5218
1.6472
1.2108
1.5293
1.7151
1.3676
1.2254
-0.083792
0.22763
-1.1621
-1.7016
-5.6112
-14.295
-4.5322
-2.7183
-2.8706
-2.6753
-0.46137
-0.97986
-0.66146
-0.53348
2.3375
3.4913
4.5625
2.0396
2.8887
2.1358
0.28373
-0.51028
-0.10285
-1.2564
-0.32814
-0.0018909
-0.31587
-0.70942
-0.49179
-0.41392
-0.87701
-1.527
-1.3553
-1.8213
-1.6051
-2.0263
-1.8116
-1.8046
-3.8309
-2.0667
-0.75982
-1.0751
-1.0553
-1.3129
-1.1724
-1.3651
-1.7304
-1.8524
-2.0551
-1.9817
-2.5575
-2.3454
-1.8713
-2.0872
-2.0672
-1.7807
-2.1334
-1.6692
-2.4488
-2.3019
-1.8919
-1.4942
-1.231
-1.6146
-0.16701
-0.40951
-0.06428
0.81629
0.058884
0.26553
0.21665
0.93239
-0.45132
0.79656
-0.010572
-0.17393
0.13255
-1.4496
-1.3095
-2.3595
-1.5353
-0.30968
-0.32563
-4.0763
-12.762
-5.9367
0.79183
-2.2103
-2.2042
1.8134
1.541
1.6193
0.047592
-0.34964
0.41473
0.2148
-0.079991
0.28234
0.1932
-0.52685
-1.2499
-1.6163
-1.5687
-1.0727
-1.3943
-5.3668
-5.5293
-2.6275
-0.834
-0.87676
0.31233
-0.29947
-1.7346
-1.4931
0.23888
-0.36426
0.34693
0.58298
0.32453
0.0054417
-0.56143
-0.95895
-1.017
-0.78953
-0.24025
-0.91617
-0.11819
0.48273
-0.098286
0.28211
0.44284
0.38737
-0.44723
-0.28027
-0.3935
-0.35796
-1.8858
-1.8348
-1.6994
-1.7629
-1.5101
-2.1766
-3.2739
-2.5551
-2.358
-2.1052
-1.9237
-0.91797
-1.1765
-1.6898
-0.87696
-1.7458
-1.6641
-1.1803
-0.50856
-0.92044
-5.3644
-7.576
-6.6896
-3.0842
-1.4039
1.5176
1.2854
0.23096
1.6733
1.9066
1.6468
-1.7463
-1.7509
2.9681
4.6574
2.3832
0.41563
-2.1002
-7.3714
-7.3674
-9.7253
0.1079
-1.4436
-4.0661
-0.5341
-0.74874
-0.091494
-0.47878
1.5433
4.5474
4.256
5.4415
6.961
6.1554
5.5663
5.6042
5.526
5.2467
4.9493
4.4102
4.2753
2.2428
1.8345
2.0251
2.0493
1.1953
0.988
0.92206
1.7875
0.72871
1.1761
0.5609
0.62174
0.48996
0.72035
-0.21563
-0.13153
-0.69386
-0.93913
-1.0626
-1.4526
-0.82442
-1.1918
-1.2386
-1.3206
-1.3939
-1.7062
-0.59022
-0.68126
0.040999
-0.40793
-0.16897
-0.43949
-0.76195
-0.72971
-0.14104
-0.40755
0.18402
0.44779
0.51962
0.67404
-0.3363
0.43847
-0.28389
0.45802
0.23633
0.35977
0.21852
0.38389
-0.17691
0.35734
0.46362
-0.83542
-0.2596
-0.6655
0.14676
-0.63236
-1.0458
-1.8831
-1.3505
-0.7507
-0.28147
-0.088044
-0.53243
-0.07058
0.022295
0.10117
0.34322
-0.0045426
0.44504
-0.13202
0.19986
0.45799
1.1304
0.36321
0.66131
0.6985
0.12288
0.43927
-0.22558
0.56572
0.58196
0.19366
0.12446
0.23868
-0.78039
-0.41009
-0.8794
-0.37254
-0.70489
-0.53917
-0.34074
-0.36925
-1.444
-0.44992
-0.39518
-0.23492
0.027142
-0.12574
0.43791
-0.1003
-0.29098
-0.63233
-0.56106
-0.26867
-0.27926
-0.50922
-0.45094
-1.1355
-1.678
-1.7302
-2.2912
-1.013
-1.3972
-2.286
-3.2424
-3.8052
-3.68
-4.0841
-5.2219
-6.3762
-2.9193
0.34012
-0.54722
-0.28162
0.13887
0.47857
1.0766
0.40485
1.2024
1.005
0.51844
0.61216
0.63832
0.3198
-0.002954
-0.72087
-0.0084298
-0.81002
-1.3438
-1.2464
-1.8667
-1.5419
-0.96224
-0.54717
-1.0901
-1.0125
-1.0473
0.22163
-0.8633
-0.91724
0.50685
-0.15876
-0.19301
0.43585
-0.17135
0.19
-0.21129
0.25762
0.38847
0.40462
0.82233
-0.30775
0.43105
-0.35056
0.4093
1.3848
1.3299
1.8719
1.8918
2.1055
2.2811
2.0444
2.1592
2.6188
2.4019
1.1608
1.7276
1.7718
1.9871
1.3371
1.2882
1.2845
1.2347
0.39267
0.40719
0.72895
0.45029
0.88124
0.62396
0.60831
0.433
-0.36373
0.11751
0.40894
1.1028
-0.13425
0.5593
0.51903
0.60345
0.90158
1.3547
1.233
1.1947
2.2863
0.87104
0.86662
0.39344
-0.37601
-0.46484
-0.85108
-0.41799
-0.79345
0.10943
0.37789
-0.51348
-0.55038
-0.96534
-0.71409
0.17071
-1.4007
-0.47567
0.32676
1.9503
0.75169
1.9372
1.4025
1.4141
0.58806
0.96795
1.037
1.2869
0.22891
0.78974
1.328
0.98948
0.83786
1.2705
1.6136
1.3532
0.74665
1.1647
1.1326
-0.14744
1.1686
0.99745
1.0478
1.422
1.7736
0.90687
1.4326
1.6095
1.141
1.3356
0.83154
0.31222
0.081302
-0.0043151
0.27541
-0.54643
-0.06289
0.19511
-1.4029
-0.52339
0.20133
-0.91469
0.12184
-0.48992
-0.24997
-0.19934
0.40697
-0.31791
0.15096
-0.06091
-0.020729
-1.0312
-0.82157
-0.45359
-0.90447
-2.9368
-4.0235
-1.9751
-0.22367
0.11057
0.093836
-0.091546
0.31884
-0.51216
-1.5831
-0.68093
0.15144
-0.36278
-1.6879
-1.3165
-1.7238
-2.7304
-3.0052
-1.5224
-0.50468
-0.88681
-0.68159
-0.35444
-0.80432
-0.87454
-0.13187
0.20579
1.1005
0.011966
0.18376
1.2918
0.21505
0.61961
0.22134
0.64126
-0.088062
0.42626
0.42645
0.41343
0.3368
-1.5167
-0.66371
0.15363
-0.4754
-0.36541
-0.15271
0.54383
-1.391
-1.7271
0.29446
1.9679
2.7538
1.1863
0.39869
-1.0858
-2.612
-8.6823
-9.8954
-8.3272
-12.259
-86.108
-58.945
-0.30575
19.994
25.432
21.922
14.919
10.505
6.2328
3.9932
0.1393
5.4926
5.5979
4.9706
3.2807
1.9093
-0.80178
-3.0017
-9.4644
-5.7337
-11.12
-26.86
-13.566
4.1605
7.823
10.946
10.659
5.1993
6.7695
7.8692
5.3566
5.5655
3.3555
4.5544
2.9801
4.4467
4.3477
3.9283
4.3798
3.0566
1.5229
1.209
0.53203
-1.0989
-3.6412
-15.3
-6.3298
1.33
4.4082
5.4151
5.338
5.3314
4.5123
2.6525
-0.35046
-5.7689
-10.111
-0.85547
4.3652
4.4432
1.6378
2.5593
2.7324
1.6701
0.18534
-2.5819
-0.92691
-0.23131
0.99786
-0.14401
-0.24412
-0.1235
0.31789
-0.98476
-0.78643
-0.86362
-0.91847
-1.5908
-1.8795
-2.3847
-2.9674
-2.9381
-1.8878
-1.4651
-1.0699
-0.5586
-1.0565
-1.5504
-1.0952
-0.72301
-0.021985
0.033826
-2.5143
-2.8516
-2.2199
-1.9808
-0.39494
0.70812
1.2131
0.0021473
0.2262
0.13876
-0.26146
0.12972
-0.9557
-0.13504
-1.0115
-1.3017
-1.5416
-1.5789
-0.30785
-0.54581
-0.59034
0.71987
0.45735
1.175
0.76434
0.48655
-0.35321
0.41416
0.45354
0.95375
0.80965
0.90833
1.0628
0.55791
0.03755
0.53145
1.0851
1.33
0.33883
-0.24332
-0.20661
-0.40765
-0.61041
-1.4379
-1.5062
-2.6469
-4.6112
-4.0597
-1.8074
0.002474
0.13364
0.64877
1.0658
0.84134
0.50563
0.43741
0.10916
0.25647
0.1567
0.23709
0.34118
0.82745
0.91718
0.37693
0.53601
1.0566
-0.058041
-0.4723
-0.99713
-0.69065
-0.82552
-1.603
-1.6996
-1.6903
-1.7773
-1.5496
-1.9762
-0.99718
-0.73716
0.28493
0.26463
0.074615
0.40774
0.20735
0.58257
0.78771
0.63876
-0.30272
0.85275
0.24118
0.37798
-0.24427
0.092267
-0.22058
-0.38741
-0.30984
-0.030265
-0.13307
-0.073103
-0.57831
-0.58214
-1.2924
-1.6062
-1.7933
-2.213
-1.4955
-0.27704
-0.45915
-0.42224
-1.1994
-1.2374
-1.6024
-1.075
-1.1372
-0.64448
-0.20166
-1.0804
-1.2977
-0.090984
-1.2759
-0.15867
-0.52266
-0.14385
-0.43654
0.095253
-0.67528
-0.48452
-0.85703
-0.62429
-1.8756
-1.7822
-1.3214
-2.3402
-1.4832
-1.5691
-2.0022
-2.0792
-1.7289
-2.1355
-2.1822
-2.7816
-2.017
-1.2185
-0.19156
-0.90849
-1.1395
-1.5595
-1.2346
-1.6844
-1.1382
-1.0028
-1.3766
-1.9087
-1.7379
-2.0306
-1.6978
-1.3989
-1.8541
-1.7907
-1.9187
-1.5198
-1.6118
-1.4797
-1.8091
-3.1892
-1.841
-2.2417
-2.6509
-1.6888
-1.2991
-1.3177
-1.6519
-1.5307
-1.5473
-1.9215
-1.7162
-1.9816
-1.7996
-1.8676
-1.4326
-2.2232
-0.90706
-2.1611
-1.3179
-0.83578
-0.91498
-0.014642
-0.30161
0.46142
-1.7986
-2.0571
0.98439
1.558
1.7333
2.5217
2.6943
2.0782
1.8063
2.7662
0.66007
1.5236
1.3277
1.364
0.44594
0.59489
0.64786
1.1052
0.85415
1.6104
1.158
1.0866
0.90872
1.1932
1.199
1.077
1.165
-0.49839
-0.14716
-2.6843
-0.88428
-2.5628
-2.8344
-1.2253
-0.65411
-3.4656
0.029616
1.7248
1.0716
0.36231
-0.16167
0.12436
0.18383
-0.042828
-1.0316
-1.6914
-1.2859
-0.65344
-0.67767
-0.54108
-0.35563
-1.2761
-0.43855
-0.55662
-0.49826
-0.034313
-0.68571
-0.52996
-2.0307
-1.711
-1.7236
-2.0011
-14.512
-6.7107
-0.46679
1.9861
3.105
2.055
0.54696
-0.13749
-1.1568
-0.46145
-0.97216
-3.374
-2.8281
-1.6623
-0.31004
0.019838
1.5127
-0.46003
-2.0943
-1.3128
-0.017742
2.0027
2.0496
0.99817
-0.51434
-1.1015
-7.5916
-1.4396
2.0779
1.8626
2.1901
1.1047
0.7113
1.9089
1.673
1.1984
1.9545
1.1641
1.7057
0.60944
0.77441
0.53204
0.62684
0.18224
-0.15779
0.22759
0.051829
-0.085279
0.15712
-0.35273
0.14125
-0.43963
-0.2988
0.38455
0.36786
1.1964
0.99377
1.2465
-0.18749
0.26941
0.15401
0.63267
-0.14716
0.23531
0.45757
-0.4252
-0.43364
-0.866
-0.71041
-1.6531
-1.4921
-0.65809
-1.3163
-0.96885
-0.93
-1.145
-1.8106
-1.9015
-2.1544
-2.039
-2.686
-2.4746
-2.2242
-0.72078
-1.306
-1.6705
-0.86266
-3.8609
-2.375
-0.58497
0.032481
1.4696
0.2409
-0.54513
0.0209
0.27135
0.59296
-0.25144
-1.4146
-0.59699
-1.6764
-1.5778
-0.53657
-0.4075
0.69031
-0.015469
0.00024636
-0.25853
-0.72682
-0.078561
-1.2306
-0.72087
-1.3504
-0.17209
-0.91559
-0.51325
-0.99505
-0.90048
-1.3193
-1.7961
-1.1104
-0.69077
0.12209
-0.5038
0.91844
0.66375
0.60007
0.70473
0.5315
0.59119
-0.43129
0.11789
-0.023657
0.2697
-0.55976
-1.2395
-0.57943
-0.83735
-1.4735
-2.0654
-0.84385
-0.4374
-0.4149
-1.1814
-1.0008
-0.28493
0.52323
0.052277
-0.16473
0.2736
0.69629
0.8597
0.62678
-0.38247
-0.47492
-0.83473
-0.90995
-1.2086
-1.0641
-0.91393
-1.0616
-1.0586
-1.0077
-1.3966
-0.66041
-1.3198
-1.686
-0.56655
-0.30091
-1.4716
-0.72963
-0.37709
-0.30679
-0.49188
-0.333
-0.47794
-0.33524
-0.99526
-1.0355
-0.90098
-0.70062
-0.9216
0.014228
0.16505
0.7141
-0.60055
-0.99491
0.51936
-0.36219
-0.48146
-0.73797
-0.50485
-2.8668
-0.67949
-0.66829
0.16524
-0.5664
-1.276
-9.1653
-3.4038
2.3324
2.4604
3.9445
4.5127
2.2629
1.4465
2.4171
1.9915
1.1932
1.0935
1.406
0.25814
0.79904
0.74635
-0.84331
-1.1119
-1.3594
-1.6944
-1.5685
-1.7917
-1.81
-2.281
-2.243
-1.7628
-2.3185
-1.9065
-2.5417
-2.4847
-1.2852
-0.21597
-0.35247
-0.68314
0.61663
-0.12876
0.19056
-2.6183
-1.1646
0.10462
0.11267
0.5679
0.31703
-1.7946
-0.79231
1.0273
-0.88081
0.3719
0.29695
-0.45797
0.21757
-0.068062
0.69484
-0.69656
-0.056079
-0.1912
-0.44005
-1.2473
-1.0161
-0.88068
-1.1228
-1.4136
-0.97248
-0.046182
0.076582
0.00017886
0.53562
1.6164
1.8769
1.6421
1.2032
0.83197
0.33971
1.1486
0.72587
0.04734
-0.15448
0.87792
0.74063
-0.52674
-0.53013
-0.5374
-0.42568
-0.74468
-0.24877
-0.53119
0.16652
0.057822
-0.5233
-0.61504
-0.90187
0.10886
-0.95763
-0.76908
-0.5523
-0.71075
-0.67891
-0.70743
-0.69771
-1.5741
-1.1156
-1.286
-1.3799
-1.4296
-1.6702
-0.91161
-1.143
-1.2953
-0.93056
-0.78236
-1.3399
-0.70951
-1.4022
-0.49987
-0.99996
-0.46921
-1.1601
-0.60983
-0.28929
-0.8846
-0.50317
0.40093
0.055405
-0.29994
-1.0889
-0.76002
-0.52332
-0.91142
-1.0416
-1.3083
-0.053028
0.51827
0.61615
0.25004
0.22037
-0.77755
-0.6261
-0.83183
-1.2036
-1.2185
-1.5913
-1.1822
-1.2595
-2.1713
-2.0629
-2.1503
-2.2575
-2.3419
-2.3841
-3.3051
-2.4028
-1.1042
-0.71085
-0.19957
-0.3621
-1.028
-1.2751
-0.82452
-0.80596
-0.73467
-1.114
-0.94818
-1.4239
-1.4661
-0.88458
-0.57874
-0.46187
-0.59491
-0.22609
-0.15732
-1.3535
-1.6596
-2.0321
-2.505
-2.6979
-2.37
-2.6046
-2.387
-1.9118
-1.6823
-1.0794
-0.83867
-0.99549
-0.43901
-0.94483
-0.035491
-0.35833
-0.38428
-0.71638
-0.849
-1.6895
-1.6984
-3.8413
-4.3907
-3.423
-1.9226
-1.6991
-1.2857
-2.1908
-3.7917
-1.8587
-0.82465
-0.85248
-0.74919
0.098967
0.14499
0.2948
0.010082
-0.36031
0.1971
0.57962
0.057536
0.18314
0.21965
0.60687
0.26945
-0.26846
1.2686
1.3047
1.3874
1.8309
2.2834
1.4155
1.3549
0.75129
0.37772
0.20975
-0.071896
-0.30752
-0.48479
-0.71363
-0.59633
-0.91452
-0.50941
-0.69774
0.74849
-1.023
-0.15084
-0.86099
-1.566
-0.73841
-1.8171
-0.67842
-1.4266
-1.2173
-1.4156
-1.5096
-2.0194
-1.9757
-1.0423
-2.2189
-0.55322
-1.3885
-1.308
-1.046
-1.2085
-0.21651
0.79447
0.51063
1.1146
1.3686
0.69273
-1.2897
-0.94353
-1.0139
-1.5635
-1.0537
-1.449
-0.95665
-1.6516
-1.3612
-2.0639
0.46238
-1.1668
-1.1251
-1.4012
-1.5583
-1.588
-1.6592
-2.0804
-2.2105
-3.2537
-2.3314
-2.597
-1.9193
-0.86589
-1.7314
-2.0262
0.014749
-0.11102
-1.0393
1.0492
0.90974
0.72313
0.79588
-0.071343
0.63096
1.2351
0.61162
0.81269
0.047625
0.32158
0.2723
-0.091502
-1.7298
-3.8897
-7.8939
-13.188
-15.046
-11.739
-6.3666
-1.611
-2.9015
-5.6839
-29.394
-21.399
-22.119
-37.861
-8.6936
18.705
20.664
14.669
13.246
11.818
13.743
15.007
11.151
9.1807
7.9756
7.0837
6.531
6.4201
4.8901
4.1706
3.4015
2.2402
1.7114
1.4704
1.3344
0.90919
-0.70779
0.18315
-0.29694
-0.8007
-1.5525
-1.8374
-1.6604
-2.2033
-1.4163
-2.3986
-1.7887
-2.0494
-1.3892
-2.4061
-3.1373
-3.4679
-3.5522
-6.3142
-2.5267
-2.1528
-1.4351
1.0829
-1.403
-4.4606
-0.7151
-1.7944
-0.46101
-3.1053
-5.8759
-5.3379
-1.5318
3.1926
0.11251
-12.494
-23.032
-1.8209
6.689
8.172
6.9071
0.69755
3.4498
3.1898
2.1979
4.1635
3.738
2.6395
1.4354
3.0958
3.3177
2.2499
2.1823
1.333
2.005
2.1612
1.3803
2.4783
2.1331
1.1804
1.9346
1.8241
1.0932
1.2553
0.89021
0.50178
0.29219
0.40312
0.010926
-0.052905
0.15002
-0.62431
-1.2845
0.5952
0.21512
0.99764
1.7076
-0.66586
-0.69424
-0.84185
-0.43698
-0.48827
-0.75331
-1.4772
-2.1852
-1.7311
-0.66624
-0.78325
-0.20618
0.012985
-0.95896
-1.3535
-1.6171
-2.2873
-2.1214
-2.6122
-2.1523
-2.9202
-2.9409
-4.1426
-3.3966
-3.0581
-4.9323
-3.157
-1.9883
-1.209
-0.38633
-1.9815
-3.1288
-1.184
-1.7785
-1.2543
-3.9404
-2.6162
-2.6772
-4.7037
-1.9991
-1.2847
-1.2363
-1.2828
-1.9733
0.45091
0.84188
0.045844
-0.02404
-5.8084
0.49411
1.7426
-0.029668
-0.024014
0.72857
1.0046
-1.5913
-6.0114
-4.9812
-0.66366
-1.2525
3.3884
4.2882
3.4274
3.3537
3.0667
1.6032
1.1133
1.7769
0.87116
-0.81239
-1.2973
-0.69502
-1.3191
-1.3209
-0.97668
-2.0039
-1.4153
-2.0554
-1.8239
-1.5659
-1.044
-1.1653
-2.0467
-0.85071
-0.9461
-1.387
-1.1879
-4.409
-4.1717
-3.6282
-1.1083
-1.2799
-0.53265
-0.81367
-0.24288
-1.2045
-0.93695
-2.1551
-1.7905
-0.45758
0.051853
-0.21792
-0.02303
-0.1391
-0.31518
-0.76241
-0.91265
-0.15598
-1.6464
-1.1379
-1.1522
-1.8672
-2.6219
-1.7822
-1.4098
-0.56778
-0.60626
-0.52754
-1.2515
-0.64693
-0.052192
-1.2648
-1.7596
-1.6295
-3.7654
-2.2603
-3.809
-2.6082
-2.9316
-2.042
-0.036922
1.635
1.2785
2.2163
2.4093
1.8518
-0.27869
-1.7045
-3.1988
-1.2862
-0.6138
-3.7835
-5.3108
-11.273
-7.0697
-20.454
-65.994
-49.262
-23.332
2.5099
-4.7886
-0.07627
-3.8204
-21.091
-8.9142
11.1
5.3048
14.598
19.519
10.722
13.468
18.239
15.738
12.552
9.7206
4.4299
0.45613
-0.55529
1.4796
-1.163
-1.6075
0.60184
3.869
4.1686
3.6896
2.9723
1.7934
2.4268
2.5585
2.4464
1.1777
0.5446
-2.0559
-2.3566
-13.107
-11.765
-8.2156
-2.7343
1.4298
1.1657
0.32696
1.6362
0.63826
0.22448
-2.3397
-3.9532
-0.42758
-0.061945
-4.1057
0.2577
2.0893
0.65584
1.2249
2.7863
1.2999
0.57897
1.6548
1.8269
0.76708
-1.2018
-1.5415
-0.95726
-0.090061
-0.21769
0.097634
0.26619
-1.1517
-0.5688
-1.0171
-2.4395
-2.1481
-3.0302
-2.4382
-1.6893
-1.1734
-1.2395
-1.3118
-2.1283
-4.7695
-14.597
-17.072
-6.6623
2.398
2.4375
2.2509
3.1782
4.1398
3.6781
2.4238
3.0807
2.6802
1.5797
1.2886
0.174
0.90299
1.2616
1.5951
0.79297
1.182
0.20537
-0.67171
-0.97848
-0.86936
-0.63572
-0.76292
-0.58646
-0.37087
-0.18733
-0.30956
0.060547
-0.10113
-0.074548
0.64765
-0.32077
-0.60462
-0.84133
-1.6671
-1.8313
-1.3714
-0.94446
-1.7248
-1.1504
0.15628
-0.036761
-0.59843
0.19054
-0.9381
0.049367
0.84636
-0.47561
-1.7521
-1.2348
-0.63282
-1.6915
-1.6402
-0.75116
-0.83455
-1.7671
-1.0365
-1.1284
-1.8126
-0.57047
-1.5573
-1.4592
-0.99382
-1.0742
-1.7997
-1.3533
-1.3541
-1.6131
-1.6579
-1.8917
-1.8741
-2.112
-1.2213
-1.7773
-1.3226
-1.6781
-1.2696
-0.87716
-0.72534
-1.042
-1.6079
-2.7107
-1.8798
-1.3552
-2.0902
-2.0367
-4.7125
-4.0623
-2.7823
-0.83702
0.98635
0.89719
0.52504
-0.28075
-0.23844
-0.30612
-5.128
-17.264
-29.958
-11.856
1.3263
8.1778
5.2214
4.5647
3.6899
3.8338
4.4764
1.9687
2.4441
2.829
2.714
3.1452
2.4612
2.0254
0.88695
1.128
0.68242
0.52061
0.40091
0.72055
1.6867
2.3275
1.6675
1.717
2.3199
0.65292
0.6379
1.0039
0.91871
-0.068345
-0.050915
-0.24265
0.088026
-0.94248
-0.63282
-1.1758
-1.5056
-0.73262
-0.76207
-0.28228
-1.5061
-5.5812
-4.2531
-5.5766
-6.3485
0.36139
2.2048
2.7272
2.2398
1.9577
1.5209
1.264
1.1466
0.56524
-0.41412
-2.2738
-2.9626
0.36328
0.67579
-1.0843
-1.4348
-0.54867
-0.54443
-1.5737
-2.542
-4.3697
-0.34142
1.1904
1.4524
1.572
1.2523
1.7305
1.2906
1.0315
0.72448
0.18144
1.2998
-0.24666
0.14631
-0.24333
0.59063
0.7732
0.57999
0.24125
-0.58594
-1.2158
-1.9805
-2.6855
-2.2567
-1.6976
-1.8622
-3.3667
-2.5556
-3.4576
-2.7782
-1.1978
-1.0647
-1.2181
-0.83418
1.0331
-0.15521
-4.9496
-4.7252
-8.0614
-4.7503
-2.4055
-2.1748
0.68922
1.9087
2.1932
2.1116
2.1726
1.1108
0.65381
0.35813
0.58637
0.043105
-0.17324
0.085783
0.33684
-0.21475
0.27641
0.37564
0.00071476
-0.023934
-0.20505
-0.18464
-0.52154
-1.2158
-0.73857
-0.66177
-0.44324
0.17965
0.31298
-0.10797
-0.43026
-0.72459
-0.10764
-0.56221
0.18901
-0.3799
-0.66742
-1.0743
-0.12442
-1.4047
-0.68456
0.1632
0.24953
-0.46169
-0.43928
-0.77656
-1.6557
-1.6679
-1.2402
-0.59969
-0.90995
-1.3302
-1.7693
-0.60639
-0.23004
0.22903
0.45403
0.48614
0.84902
1.2578
0.76341
0.41351
0.46382
0.74582
-0.24371
-0.064283
-0.93126
0.062085
0.067439
0.32082
0.41182
0.9933
0.46609
0.55233
0.62698
0.6445
0.74759
-0.68508
0.30797
0.5243
0.71293
1.062
0.99276
-0.26575
0.60444
0.75895
-0.4655
-0.4988
-0.83105
-0.39526
-0.49288
-0.050232
-0.074618
-0.20246
0.32017
0.38366
0.17379
0.64412
0.091607
0.75566
0.39382
-0.67351
-0.41268
-1.3633
-1.8138
-1.257
-0.99183
-0.54273
-1.3204
-0.81976
-0.28812
-1.3622
0.22283
-0.57887
-0.10368
-0.24171
-3.3409
-2.8961
-7.8286
-9.1497
-6.3197
-0.35318
-0.39462
3.0462
3.9145
3.022
1.8782
0.82422
0.95613
-0.11439
-0.6666
-1.1578
-2.2229
-1.6819
-1.1411
-1.1536
-0.52789
0.065492
-0.61332
-0.52228
-0.11024
0.071988
0.030168
-0.30141
-0.97226
-0.48258
-0.44434
0.51413
-0.44313
-0.59604
-0.94117
-0.40846
-0.68079
-0.70694
-0.97936
-1.1732
-1.7464
-1.7479
-1.3884
-2.0514
-1.7185
-2.6008
-2.2729
-3.0738
-2.3761
-1.3743
-0.39452
-0.10748
0.062609
-0.11251
0.11296
0.11067
0.49778
0.012274
-0.3872
-0.83769
-1.3093
-1.3737
-1.3858
-1.362
-1.5936
-1.9996
-1.6969
-1.8928
-1.5082
-0.9903
-1.5694
-1.7734
-1.8322
-1.0099
-0.11788
-0.25624
0.11392
-0.51039
-0.38206
-0.015455
0.4817
-0.17423
-0.70085
-1.3372
-1.1799
-1.2265
-1.3969
-0.97307
-1.4884
-1.9148
-1.6383
-0.6308
-0.28583
-0.31408
-0.26596
-0.25332
-0.53662
-1.2069
-1.1812
-1.2374
-1.9587
-2.3037
-2.4742
-2.4681
-2.3358
-2.4262
-3.6435
-2.6239
-1.2415
-1.203
-0.45621
-1.1104
-0.14309
-0.95675
-1.2238
-0.083362
0.087823
0.36533
0.88208
-0.41554
-0.78154
-0.67986
-1.4799
0.0042864
0.62336
1.0598
1.2323
1.5017
0.99779
1.2914
0.18694
0.39804
-0.045296
-0.98633
-0.12322
-0.62536
-0.034917
1.4745
0.18558
0.98998
1.0991
0.35244
0.87976
0.22965
-1.128
-2.0908
-3.0808
-4.3146
-7.4975
-7.1927
-3.5701
-7.4592
-7.0174
-0.10623
2.5044
0.92938
0.49851
0.37157
2.4302
2.8875
2.0504
1.8547
1.3419
0.57666
-2.0149
-11.048
-6.4287
-0.39448
0.70516
1.495
-5.3575
-1.2401
3.2766
1.9187
0.72906
0.86592
0.74191
0.30859
0.94247
-0.53113
-0.085123
-0.55956
-0.4937
-1.3479
-1.5172
-2.7583
-1.1307
-0.5025
-0.23498
-0.52118
-0.2839
-0.9039
-0.75198
-0.61506
-0.48135
-0.41652
-0.54438
-0.68469
-0.25237
-1.387
-2.864
-2.0633
-4.0078
-2.9393
-3.7475
-2.6751
0.075461
-0.68922
-1.016
-2.8342
-2.7036
-3.7208
-0.69398
1.3563
-0.16457
0.74798
0.98488
1.9395
1.485
0.07029
-0.25297
1.5114
2.4503
1.1041
-0.34742
0.0013264
-0.20866
1.4251
1.05
1.1742
1.2925
0.7564
0.95758
0.15604
-0.42008
0.53463
0.66382
0.22431
-0.75919
-0.17944
-0.50811
-0.7578
-0.4059
-0.99273
-0.42833
-0.20177
-1.017
-0.42604
-1.4293
-1.2073
-1.0676
-1.8056
-1.7796
-1.6078
-1.735
-1.5129
-1.0812
-1.5183
-1.5306
-5.6168
-4.7075
-4.0676
-2.0042
-2.2178
-4.3565
-6.0026
-13.632
-9.1605
-7.4789
0.70664
1.5505
3.5036
4.9031
4.4453
3.6735
2.0958
2.0769
2.6326
1.3738
1.2885
0.71722
0.17736
-0.98574
0.01301
0.14074
0.40647
0.10472
0.042614
-0.84172
-0.4079
0.13338
0.028838
0.54619
-0.24996
0.59127
0.93172
0.95467
1.1164
0.86516
1.8508
0.89274
0.4654
-0.21628
-0.21233
0.20495
-0.17479
0.32341
0.9036
0.15627
0.49425
0.94342
0.79804
0.34463
0.77379
0.39916
-0.4542
-0.56043
-0.11568
0.46883
0.25204
0.030417
-2.6601
-0.45858
1.0512
0.80024
0.70394
0.57506
0.44618
-0.72964
-1.2751
-1.6714
-1.7769
-1.4658
-1.3044
-2.3653
-1.8431
-2.0655
-1.8594
-1.3282
-2.1226
-2.2617
